M(message):
m,32
01010101111101000101111011000000
#
K(key):
101010010100110101010011011000101010010001001111011110000010101010101001010011010101001101100010101001000100111101111000001010101010100101001101010100110110001010100100010011110111100000101010101010010100110101010011011000101010010001001111011110000010101010101001010011010101001101100010
#
S(sBox):
255,254,253,252,251,250,249,248,247,246,245,244,243,242,241,240,239,238,237,236,235,234,233,232,231,230,229,228,227,226,225,224,223,222,221,220,219,218,217,216,215,214,213,212,211,210,209,208,207,206,205,204,203,202,201,200,199,198,197,196,195,194,193,192,191,190,189,188,187,186,185,184,183,182,181,180,179,178,177,176,175,174,173,172,171,170,169,168,167,166,165,164,163,162,161,160,159,158,157,156,155,154,153,152,151,150,149,148,147,146,145,144,143,142,141,140,139,138,137,136,135,134,133,132,131,130,129,128,127,126,125,124,123,122,121,120,119,118,117,116,115,114,113,112,111,110,109,108,107,106,105,104,103,102,101,100,99,98,97,96,95,94,93,92,91,90,89,88,87,86,85,84,83,82,81,80,79,78,77,76,75,74,73,72,71,70,69,68,67,66,65,64,63,62,61,60,59,58,57,56,55,54,53,52,51,50,49,48,47,46,45,44,43,42,41,40,39,38,37,36,35,34,33,32,31,30,29,28,27,26,25,24,23,22,21,20,19,18,17,16,15,14,13,12,11,10,9,8,7,6,5,4,3,2,1,0
#38,17,88,172,245,6,137,214,75,234,208,114,43,77,197,90,13,152,116,153,141,243,109,94,251,25,40,37,131,150,154,22,72,179,20,248,115,252,247,206,42,19,174,162,240,76,8,142,56,12,136,170,144,193,0,57,73,86,213,181,226,222,36,102,143,210,254,173,158,203,59,28,218,244,24,15,215,120,2,200,192,52,166,21,95,69,105,62,11,212,64,169,82,221,190,91,149,32,46,217,171,227,249,35,229,61,183,122,26,239,211,63,58,202,99,68,204,165,156,216,224,177,117,33,79,112,121,55,189,66,196,163,246,138,128,85,194,41,14,118,45,187,225,228,51,124,111,39,145,209,80,134,125,184,207,53,182,50,198,180,237,223,100,191,250,106,178,219,230,60,148,238,70,236,185,220,7,4,113,231,164,30,130,199,54,151,159,49,195,96,1,205,235,74,253,241,71,93,232,48,157,87,67,242,92,140,161,97,123,146,129,175,103,160,10,9,147,168,127,34,29,201,135,107,155,44,89,132,167,101,133,108,255,65,176,139,3,98,233,186,18,84,119,110,23,5,83,188,126,31,27,78,81,104,47,16
#
P(permutation):
0,26,8,13,2,16,14,22,1,5,29,11,30,12,17,27,28,20,18,10,25,3,4,19,6,9,21,7,15,23,24,31
#
A:
0
